8399  8401 1
7851  3775 1
11105  3149 1
3149  11105 1
2587  10583 1
2803  2804 1
2804  2803 1
9087  5212 1
6941  6938 1
9636  5744 1
1641  1639 1
6813  2727 1
2727  6813 1
3778  7852 1
8130  4026 1
3123  7175 1
7175  3123 1
462  464 1
464  462 1
8951  5066 1
5066  8951 1
1610  5729 1
1007  1008 1
9769  9775 1
928  929 1
929  928 1
3885  3882 1
1192  1195 1
1903  9877 1
2528  2523 1
9401  5508 1
9192  5294 1
7880  3817 1
10900  10895 1
8300  4281 1
4281  8300 1
3700  3706 1
3706  3700 1
2802  10779 1
9072  1029 1
7228  7222 1
1154  9228 1
3657  7756 1
5872  1785 1
5476  1309 1
1309  5476 1
2175  10177 1
10177  2175 1
1676  9672 1
3190  3180 1
10926  10920 1
2717  6809 1
6809  2717 1
9876  5992 1
2917  7012 1
7012  2917 1
1465  5606 1
6283  6279 1
2267  2279 1
10137  6230 1
3634  3626 1
5224  5233 1
3273  7325 1
7325  3273 1
507  8566 1
6679  6685 1
3681  7777 1
3566  3544 1
7031  2944 1
10985  10971 1
10971  10985 1
5209  9069 1
7006  2926 1
2926  7006 1
9152  5271 1
5271  9152 1
9560  9568 1
1669  5787 1
2571  6650 1
6650  2571 1
6598  2485 1
10820  2822 1
143  162 1
3981  3999 1
4014  126 1
126  4014 1
319  8362 1
1001  5165 1
635  660 1
5348  9253 1
7545  3447 1
9252  5343 1
9724  9709 1
9709  9724 1
8687  637 1
4429  286 1
9738  5867 1
7868  3783 1
4650  8567 1
89  69 1
8513  438 1
438  8513 1
2932  10908 1
679  4804 1
9719  1750 1
10220  2230 1
10750  10742 1
8512  441 1
3355  7439 1
5072  5051 1
3465  3451 1
10667  6799 1
8020  6 1
6  8020 1
7283  7295 1
7295  7283 1
1111  1125 1
5971  9861 1
9456  1419 1
6762  6744 1
442  8517 1
5989  6015 1
6015  5989 1
6856  10783 1
3686  3672 1
6768  10677 1
10981  10991 1
10991  10981 1
10811  6886 1
9023  5180 1
5180  9023 1
6070  6060 1
6638  2565 1
2565  6638 1
2462  2456 1
2456  2462 1
4501  8399 1
7181  3143 1
9180  5290 1
1638  1679 1
9155  9151 1
5106  8977 1
400  4566 1
5641  9542 1
759  8815 1
1760  1771 1
1771  1760 1
7553  7580 1
5783  1653 1
7302  11210 1
7892  3800 1
3800  7892 1
2133  10164 1
5463  1316 1
1316  5463 1
8208  4132 1
9980  6095 1
6095  9980 1
4433  280 1
280  4433 1
634  4788 1
11174  11179 1
11179  11174 1
1432  1459 1
1459  1432 1
4559  8477 1
3376  11346 1
5257  9145 1
9518  1466 1
5369  1160 1
1522  5643 1
5643  1522 1
4882  8783 1
8783  4882 1
11338  11335 1
241  4156 1
1076  5271 1
11229  11223 1
8759  8731 1
4559  8502 1
4434  8367 1
8367  4434 1
119  8083 1
11265  7354 1
5363  5327 1
9253  9222 1
9294  5428 1
5290  9157 1
9157  5290 1
9098  1018 1
7141  3052 1
3052  7141 1
4956  8867 1
8867  4956 1
3087  7112 1
7112  3087 1
4855  8719 1
8719  4855 1
1789  9799 1
4824  4853 1
4853  4824 1
11031  3049 1
8500  8467 1
8467  8500 1
8979  5063 1
4438  8364 1
3704  3659 1
6341  2216 1
8729  666 1
5978  5950 1
165  191 1
943  5162 1
8941  5090 1
5090  8941 1
9702  9731 1
176  4037 1
4037  176 1
4142  4110 1
4110  4142 1
8529  4658 1
4658  8529 1
133  8096 1
4801  8655 1
5645  1486 1
3532  7576 1
720  8723 1
8723  720 1
3645  3626 1
8493  8512 1
11280  7360 1
8563  4627 1
9375  5453 1
1948  6010 1
10473  2511 1
10114  6187 1
6187  10114 1
976  5134 1
8356  4429 1
9911  6013 1
5353  5330 1
5330  5353 1
5059  5093 1
5093  5059 1
4889  8821 1
4128  4169 1
2579  10534 1
1368  1329 1
1329  1368 1
876  8890 1
2859  6884 1
4255  8289 1
8289  4255 1
8839  4993 1
2770  2810 1
2810  2770 1
8353  4433 1
4433  8353 1
4479  4442 1
2648  2600 1
2992  2972 1
2972  2992 1
8214  248 1
5475  1282 1
323  8339 1
8769  4908 1
4908  8769 1
103  83 1
83  103 1
10671  2746 1
2746  10671 1
8712  717 1
717  8712 1
8117  3984 1
4479  280 8
280  4479 1
7386  7334 1
9121  5204 1
8569  483 1
7253  7208 1
9392  1361 1
184  170 1
170  184 1
3071  10973 1
10973  3071 1
6031  1916 1
1916  6031 1
10699  2704 1
2999  10941 1
10941  2999 1
5498  5538 1
5538  5498 1
5513  1364 1
6502  10360 1
658  593 1
10381  2356 1
2400  10352 1
8908  5030 1
6969  2956 1
2956  6969 1
5255  9167 1
10092  6215 1
874  5018 1
5050  8981 1
8981  5050 1
10187  6248 1
9042  5122 1
100  8121 1
978  9010 1
191  4049 1
4049  191 1
2691  6828 1
3125  3109 1
2028  10021 1
368  8416 1
8992  5057 1
2684  2728 1
10709  6771 1
6705  2665 1
5786  5732 1
1876  5925 1
5925  1876 1
8897  5028 1
5028  8897 1
2393  6445 1
5097  5084 1
1118  5239 1
998  946 1
2487  2537 1
2902  2919 1
9231  5331 1
7391  11223 1
11223  7391 1
2785  10752 1
10752  2785 1
1803  1770 1
9901  6014 1
202  8252 1
2395  6428 1
3548  3586 1
3586  3548 1
7361  11250 1
1696  9730 1
8338  303 1
303  8338 1
10198  10140 1
993  947 1
7732  3621 1
3621  7732 1
4576  425 1
810  803 1
803  810 1
3698  7772 1
6134  10034 1
3023  11032 1
1316  9325 1
9325  1316 1
5617  5625 1
3009  10918 1
10918  3009 1
465  8566 1
1824  5854 1
5854  1824 1
4581  4594 1
167  4075 1
8588  4719 1
4719  8588 1
9567  1593 1
2417  10465 1
3989  134 1
9209  9246 1
9246  9209 1
1804  1777 1
1777  1804 1
5109  897 1
9434  9393 1
9393  9434 1
6280  10160 1
10160  6280 1
8879  4937 1
5083  5091 1
5091  5083 1
10757  10753 1
10753  10757 1
6067  1983 1
1983  6067 1
2422  10457 1
6491  2345 1
6734  6723 1
4975  8844 1
5647  1475 1
1443  1407 1
1407  1443 1
5829  5804 1
1954  1983 1
6862  2768 1
7115  7110 1
8228  8232 1
1631  5760 1
5760  1631 1
10993  3110 1
3110  10993 1
9025  8970 1
61  8131 1
10717  6761 1
2411  10346 1
8035  107 1
3128  7118 1
6978  10936 1
2224  10306 1
10306  2224 1
1881  6042 1
9698  5872 1
10828  6857 1
6857  10828 1
7961  7893 1
7893  7961 1
1748  1824 1
1824  1748 1
6751  10712 1
10712  6751 1
1778  5809 1
10593  6633 1
924  5165 1
44  4022 1
10279  10345 1
795  8903 1
8657  8594 1
10650  2745 1
2745  10650 1
10813  10755 1
7214  3202 1
3202  7214 1
6321  10310 1
10310  6321 1
4705  606 1
6997  10948 1
8930  831 1
831  8930 1
1725  9768 1
6138  9954 1
2316  10250 1
10053  1989 1
6995  7070 1
9602  9649 1
6574  6493 1
2510  6670 1
510  4610 1
10043  9962 1
9962  10043 1
2786  6927 1
9189  1065 1
4690  4743 1
685  4884 1
7418  3301 1
5957  1905 1
10012  9947 1
9929  9997 1
8333  8383 1
8383  8333 1
7666  3635 1
9820  9894 1
2000  10050 1
11098  3223 1
4727  4771 1
7300  11113 1
463  404 1
1249  5370 1
5370  1249 1
2404  10460 1
6148  1955 1
3075  11090 1
8103  8028 1
4210  4262 1
10393  2438 1
2438  10393 1
4655  8519 1
10872  2962 1
3015  10899 1
11103  3227 1
6051  6138 1
577  4778 1
11113  3200 1
8825  8741 1
1464  1520 1
1520  1464 1
4916  719 1
340  4450 1
9750  5817 1
9834  5998 1
10398  2453 1
3119  10982 1
10982  3119 1
1502  9483 1
4092  4141 1
826  5023 1
9177  1068 1
9797  1726 1
1726  9797 1
3889  3842 1
5653  5582 1
1280  5492 1
5321  9262 1
10963  2935 1
2935  10963 1
5468  5541 1
10154  2094 1
9757  1690 1
9366  1382 1
1382  9366 1
2550  10495 1
10487  2543 1
6840  10800 1
7917  3891 1
4915  8744 1
8744  4915 1
8745  4914 1
7454  11265 1
9621  1567 1
1567  9621 1
9188  9096 1
10160  6183 1
6183  10160 1
6260  6191 1
6191  6260 1
7  3997 1
737  4814 1
126  43 1
9528  1460 1
1460  9528 1
3130  11026 1
9908  1863 1
2821  6841 1
6841  2821 1
8299  4231 1
9628  1557 1
10364  6520 1
6520  10364 1
1586  9665 1
9665  1586 1
9986  2041 1
4760  4681 1
4681  4760 1
3039  7152 1
566  4785 1
7870  7785 1
7785  7870 1
116  53 1
53  116 1
7758  3756 1
6958  2980 1
174  8248 1
3862  3821 1
10625  10660 1
10660  10625 1
11118  11172 1
5867  1696 8
8022  8089 1
1731  5901 1
5901  1731 1
10848  2789 1
2466  10382 1
10382  2466 1
7509  3483 1
502  445 1
445  502 1
10367  2418 1
659  559 1
132  8046 1
1381  5467 1
5467  1381 1
6109  6145 1
4177  4270 1
10120  10156 1
3320  7402 1
7402  3320 1
10033  9926 1
7183  7098 1
2336  10235 1
7170  7140 1
2582  6590 1
6590  2582 1
9878  9853 1
6736  6778 1
11112  3267 1
10022  9920 1
3024  3128 1
1670  5674 1
10090  2171 1
3129  3026 1
5304  1226 1
6771  6738 1
2744  2631 1
1533  9648 1
7565  7534 1
6641  10500 1
2391  6528 1
3344  7365 1
8900  827 1
827  8900 1
11286  3315 1
10688  2607 1
4867  4835 1
4061  4160 1
6807  6695 1
6695  6807 1
1282  9418 1
9418  1282 1
4925  4830 1
4830  4925 1
6527  2398 1
8694  545 1
545  8694 1
5645  1428 1
1428  5645 1
697  8765 1
8765  697 1
4472  343 1
343  4472 1
7272  7249 1
3741  7784 1
753  8705 1
8109  60 1
10234  2325 1
9062  9169 1
7715  3597 1
3597  7715 1
6889  10784 1
11004  3136 1
3136  11004 1
447  8544 1
8544  447 1
9665  5675 1
5675  9665 1
2037  6103 1
9669  1559 1
1559  9669 1
5709  9638 1
6863  2835 1
6669  6600 1
11097  7102 1
8830  880 1
9240  1215 1
1215  9240 1
11325  3292 1
6646  10520 1
10520  6646 1
8386  4464 1
10871  2991 1
8894  8877 1
8877  8894 1
2465  10355 1
1685  1546 1
4813  8820 1
645  4715 1
10095  10173 1
10173  10095 1
6880  10805 1
10499  10548 1
3895  3818 1
9594  1629 1
8177  8228 1
8228  8177 1
7218  11212 1
6699  6819 1
6819  6699 1
5842  9752 1
9752  5842 1
2091  10182 1
10032  1968 1
2638  6791 1
10311  10263 1
10263  10311 1
9474  9514 1
10880  7071 1
7608  7504 1
7504  7608 1
9376  9387 1
10937  7017 1
1386  1266 1
10595  2485 1
2485  10595 1
7461  11232 1
7055  10892 1
9638  9591 1
9479  5605 1
2992  6985 1
4667  4557 1
4443  4520 1
4520  4443 1
5771  1559 1
1559  5771 1
6948  10725 1
11284  11273 1
11273  11284 1
10267  2272 1
7718  3560 1
7883  7973 1
7973  7883 1
6942  6837 1
8268  4228 1
7400  11281 1
3070  11053 1
1015  9187 1
9187  1015 1
6221  6267 1
6267  6221 1
568  4756 1
8849  863 1
7883  3902 1
10328  6313 1
6313  10328 1
10878  7066 1
4557  4664 1
3950  103 1
103  3950 1
9174  1030 1
1030  9174 1
8514  468 1
6354  10286 1
10286  6354 1
4233  8270 1
6642  10529 1
401  8561 1
6830  6953 1
10483  10354 1
10354  10483 1
7380  11141 1
1904  6130 1
3613  7560 1
7560  3613 1
4002  8223 1
8223  4002 1
10948  3130 8
1832  9929 1
10324  2170 1
11245  7241 1
10199  2335 1
513  8452 1
8727  4704 1
4704  8727 1
3159  7354 1
10464  10587 1
1649  5895 1
10583  6563 1
5695  1723 1
127  241 1
6739  2795 1
4307  4184 1
9810  9934 1
9934  9810 1
8206  3992 1
11303  3227 1
2855  10691 1
10691  2855 1
10689  6923 1
8231  111 1
6221  6336 1
4017  232 1
232  4017 1
5545  9333 1
8759  4736 1
1656  9778 1
9176  9305 1
1675  5923 1
5923  1675 1
5773  5896 1
9546  1388 1
9121  1185 1
5886  1645 1
3705  3828 1
5200  5329 1
5329  5200 1
8392  477 1
477  8392 1
2716  10834 1
3137  3012 1
11315  11178 1
2188  6427 1
10509  6470 1
7274  11296 1
8815  4800 1
9130  5361 1
5361  9130 1
3643  3530 1
5599  9395 1
9395  5599 1
8008  151 1
2048  9898 1
10957  7203 1
7203  10957 1
7379  11133 1
1721  5699 1
10465  2599 1
10675  6897 1
6187  10218 1
10218  6187 1
7451  7311 1
7311  7451 1
10217  2069 1
2069  10217 1
8616  718 1
4949  5050 1
9400  1492 1
1492  9400 1
1618  1752 1
1476  5511 1
113  4162 1
7774  7874 1
58  4079 1
6127  6013 1
6242  2284 1
2284  6242 1
1764  1637 1
1637  1764 1
3094  7046 1
7046  3094 1
10100  10215 1
3712  3856 1
2588  6545 1
8346  4553 1
2715  2874 1
1923  6174 1
6174  1923 1
3981  4125 1
4564  264 1
264  4564 1
10923  7171 1
4246  4376 1
10089  6318 1
2560  6506 1
6506  2560 1
2017  9895 1
9895  2017 1
9544  5515 1
5515  9544 1
10956  7182 1
7182  10956 1
6617  2392 1
2392  6617 1
9679  1556 1
8928  9026 1
9026  8928 1
10903  7119 1
6796  2826 1
4517  506 1
6193  6320 1
6320  6193 1
4944  909 1
8279  4360 1
6119  1905 1
6668  6575 1
3471  7656 1
7656  3471 1
9807  6084 1
1163  9129 1
9129  1163 1
4560  8342 1
6341  10126 1
8731  4736 8
6554  6677 1
6677  6554 1
5302  9299 1
6251  2298 1
5235  9287 1
3200  7430 1
7938  3752 1
685  8580 1
8580  685 1
3997  8210 1
5632  1373 1
5374  1037 1
6604  10404 1
10404  6604 1
3527  7719 1
4546  8348 1
420  259 1
259  420 1
9363  5591 1
5591  9363 1
6264  10300 1
9889  9999 1
2453  6683 1
51  8178 1
2215  2082 1
2370  10528 1
5630  1385 1
9037  8920 1
4671  4510 1
1987  5965 1
5965  1987 1
3173  7337 1
8445  8557 1
8557  8445 1
4462  445 1
5873  1610 1
1610  5873 1
10334  10178 1
4339  4221 1
9418  1519 1
1519  9418 1
6247  10313 1
1845  6056 1
6056  1845 1
10252  10131 1
6088  5982 1
5982  6088 1
3083  10892 1
5393  9147 1
1710  1533 1
3364  3217 1
1071  5333 1
5333  1071 1
9655  1764 1
10826  2675 1
126  8215 1
1922  2008 1
2008  1922 1
1442  5443 1
5443  1442 1
